2269	5.05
3207	4.56
4055	5.61
338	2.89
1229	3.82
3157	3.17
3456	4.18
3180	4.94
3473	3.47
1941	4.91
311	3.62
166	4.85
2263	4.66
2240	4.02
3290	5.20
1612	3.25
3970	6.01
3163	4.69
2011	6.19
3744	6.36
3424	4.18
1909	4.72
1650	4.76
1786	7.38
611	4.74
2819	4.79
1457	4.59
2272	5.41
2200	4.91
1493	3.83
786	3.47
21	2.39
0	2.94
1748	4.43
467	3.62
1711	6.98
1471	6.14
1337	4.32
3112	5.02
2415	5.63
18	2.89
3300	4.67
4033	4.85
2593	5.05
1093	1.86
254	6.19
297	3.96
931	6.08
2340	3.15
576	3.24
1090	2.47
867	4.74
1492	3.41
1640	5.11
2465	4.74
3867	5.53
3686	5.44
3190	4.41
2420	3.74
315	5.14
236	5.93
3530	5.51
1721	6.77
2326	3.08
2830	6.03
3319	5.35
2423	4.66
838	3.47
3623	5.90
2839	4.84
891	6.57
3237	4.85
961	4.24
3520	4.18
1368	3.69
2039	6.01
2444	4.60
3130	5.70
2700	5.70
3369	4.57
648	5.56
3330	3.50
263	2.78
1056	3.41
3965	6.00
667	6.02
3390	5.42
3349	2.89
63	4.95
2925	6.51
564	4.13
2661	4.69
2377	3.57
4038	5.20
3099	4.69
3281	3.47
2363	5.59
3260	6.04
1214	6.26
626	4.90
1309	3.29
643	5.00
1063	3.74
3829	6.68
189	5.83
1145	4.37
2229	5.49
33	3.71
3480	4.76
191	6.28
508	5.25
2993	6.75
2528	5.41
2405	3.85
3197	4.90
3933	5.16
1308	3.15
501	4.55
1347	2.85
1590	4.76
28	3.57
2390	3.62
1900	5.60
2072	4.07
2548	4.58
2198	4.51
822	4.59
2380	3.43
3154	3.24
1923	5.41
1328	3.10
471	4.21
2515	4.07
1869	4.13
1982	7.93
2393	3.85
2123	4.56
2852	4.76
1078	3.59
1858	3.90
104	4.41
1410	4.18
753	5.57
2395	4.79
2798	8.70
1685	4.36
2157	5.23
3544	5.07
2076	4.07
598	4.01
1645	5.43
993	5.63
837	3.12
1672	5.42
3217	3.47
553	5.39
2421	4.16
3999	6.69
264	3.29
709	4.73
2307	3.18
374	4.06
3047	7.02
834	3.73
2175	5.50
2453	3.85
436	4.31
3452	5.02
4039	5.35
3073	3.17
789	3.40
3798	6.19
3902	6.54
3184	3.92
1382	3.87
1521	4.41
3839	7.97
3828	6.26
1191	4.58
441	5.81
623	6.02
1136	3.15
2452	3.43
349	3.71
1961	6.59
1990	4.76
2616	6.25
1801	4.41
4089	7.03
435	4.92
3274	5.20
3423	4.77
1817	4.15
1733	4.59
3234	5.51
451	3.90
600	4.41
3402	4.34
1306	3.59
1137	3.03
2511	5.19
1826	5.07
3701	5.40
2863	6.96
2762	6.63
221	4.55
497	4.29
3856	3.59
2182	4.56
3910	4.08
2940	6.19
3895	5.35
2957	6.57
246	4.85
37	3.66
1505	4.96
2899	4.51
3106	4.67
2165	4.21
54	4.01
67	2.73
765	6.67
2919	5.68
864	4.41
1126	3.33
2509	4.74
2257	3.62
1697	5.25
2609	4.74
672	5.51
873	5.08
2829	5.18
1114	3.59
373	3.71
1450	5.81
258	2.89
3562	6.85
3543	4.82
2280	6.25
15	4.11
2459	5.37
3763	6.87
1100	2.56
1951	6.25
2448	3.43
3974	5.75
3542	4.67
306	3.47
1942	5.26
1025	2.40
3577	6.24
3364	3.31
1441	4.41
1704	6.21
1324	4.43
3355	4.41
2527	5.50
465	3.17
1250	4.98
615	4.74
2894	5.75
698	7.52
1425	2.98
1592	5.66
1969	5.98
3680	5.26
1022	7.03
3982	7.09
1908	4.30
518	4.06
2659	5.19
1209	5.65
3446	4.67
294	3.47
1021	6.18
2746	7.97
686	7.52
3378	4.08
3249	5.08
4048	4.69
2150	4.25
649	5.39
584	4.13
918	5.09
3273	4.59
3661	4.81
461	4.29
577	3.12
260	1.86
1525	4.67
2626	4.18
2210	5.66
4017	6.42
515	4.16
1856	3.41
3789	6.42
532	3.29
3648	4.09
291	3.62
1456	4.28
286	4.02
2951	6.23
733	5.88
3871	5.35
2015	6.01
1374	4.68
2336	3.74
862	5.40
964	3.82
1316	2.82
2021	5.75
3077	3.17
3429	4.01
1339	5.26
370	4.06
2782	7.18
2495	6.47
1096	2.87
1992	5.42
849	3.12
1619	3.43
947	6.26
787	3.31
3141	2.63
1966	7.93
194	4.01
3814	7.27
2469	4.69
3214	5.75
901	4.79
2496	4.02
3655	4.47
1419	5.35
1811	3.48
2909	5.49
1272	5.33
823	4.74
3513	6.42
899	5.24
1813	3.57
2247	4.40
1539	4.02
88	3.57
3711	6.69
3775	7.97
523	5.49
3465	4.90
1827	4.91
1718	6.04
2041	6.59
2349	4.90
3938	5.51
3750	6.54
281	2.86
228	4.32
361	4.24
2097	3.90
174	6.68
2057	4.16
1780	5.27
1872	3.41
2667	6.47
1157	3.29
2905	5.18
237	6.07
2518	4.51
392	4.46
2070	3.67
3284	3.59
2761	6.02
3352	3.64
103	3.90
2073	3.90
1509	4.91
2567	4.66
275	2.19
2959	7.02
220	4.41
335	3.57
911	6.08
1656	5.66
1524	4.25
19	2.73
1141	3.29
3204	3.64
1881	4.41
300	4.31
2107	6.18
2812	6.98
2650	5.30
280	3.03
2303	6.29
3155	3.08
351	4.16
2963	5.59
2773	5.44
180	4.57
1661	5.25
341	2.82
3146	4.08
701	6.24
340	2.40
3409	2.89
980	4.08
1576	5.42
2235	7.51
2084	3.74
2442	5.35
1070	5.42
2822	4.69
1222	3.33
3030	5.79
3736	6.10
326	2.63
1894	4.76
1603	3.43
3318	5.20
201	4.24
1201	4.31
1146	4.98
490	6.24
164	4.08
3102	4.91
2693	5.00
1038	4.09
109	4.73
2045	6.35
738	6.73
2838	4.69
1955	6.25
118	4.06
4001	6.24
2901	4.60
3863	4.51
55	4.16
3624	6.41
1873	3.29
2160	4.07
423	4.74
589	3.53
832	3.24
1470	6.54
2464	4.86
2119	2.85
3373	5.06
2243	4.35
942	7.76
2726	6.14
2811	8.30
2186	5.66
3986	5.42
3849	4.85
1984	4.53
3784	6.59
3715	5.85
2138	4.51
2156	5.09
3294	5.75
2816	4.46
434	5.08
2409	4.69
3707	7.42
1952	5.92
3907	4.18
3447	4.82
108	4.59
563	4.74
1221	2.98
3896	6.10
2090	5.61
3166	4.91
1891	4.91
2262	4.51
2826	5.79
1170	3.31
159	5.00
2373	2.73
3991	5.85
668	5.25
697	6.91
539	5.23
3235	5.35
3760	6.54
2297	6.08
2148	3.48
2512	3.74
2359	4.07
2275	5.74
403	3.31
774	3.75
3192	5.31
2714	6.14
1943	5.41
2942	7.18
3560	6.41
1503	5.17
688	5.69
3582	6.85
813	5.57
3158	3.52
1651	4.60
868	3.82
173	5.83
3209	4.90
3612	5.31
675	5.84
328	3.29
3085	4.01
2222	7.18
1122	3.64
3115	5.79
1740	5.29
3353	3.47
3419	4.95
2155	5.68
1722	7.38
2020	5.33
1344	2.09
930	6.24
2302	6.69
3250	5.69
2756	4.76
3759	7.97
3415	3.93
1610	4.43
2166	4.56
3357	3.78
3461	4.06
607	5.00
1593	5.49
1878	4.18
1809	3.03
2289	4.74
3993	5.93
897	4.79
105	4.24
1225	3.82
1751	5.35
2224	5.35
1265	3.82
3812	6.50
1415	4.07
3825	6.42
1433	4.10
3010	5.79
572	5.25
3753	7.03
2277	5.24
3975	5.90
1073	2.98
1591	4.91
1537	3.57
4019	6.87
1217	2.98
2413	5.18
3236	4.43
1647	5.88
3537	3.78
700	6.53
1255	4.82
1411	4.02
60	4.36
2947	6.18
970	5.69
2127	4.07
2079	4.66
1636	3.68
1692	5.11
3841	4.01
1293	3.24
545	4.60
1936	4.49
141	4.55
2306	3.34
1162	4.74
2831	5.63
3224	4.76
1200	4.43
1573	4.41
692	5.41
2394	4.46
2314	4.18
2755	5.63
2767	6.47
1384	4.53
1882	5.02
3815	7.42
3270	4.10
3799	6.34
848	3.24
411	4.92
3014	5.53
3911	4.23
498	4.90
3729	4.81
3436	5.20
77	3.12
2266	5.35
2347	5.35
416	4.41
847	4.41
2397	4.16
2956	6.43
2526	5.90
1979	8.26
919	5.24
2785	6.57
1192	5.09
3124	3.59
1369	3.52
346	4.01
1622	3.87
32	3.83
883	4.74
1850	6.10
2098	4.51
3	3.27
3046	6.87
3145	3.47
1944	5.66
3620	4.98
1407	5.12
2089	5.00
2333	3.62
519	4.21
512	3.83
287	3.62
1832	5.42
1366	3.29
4021	6.68
3148	3.33
2032	5.37
2848	5.35
806	4.59
3817	7.76
327	2.78
1338	4.93
1496	4.58
3025	4.90
3451	6.34
779	5.18
1501	4.72
1207	5.07
2577	3.62
1249	4.37
57	4.74
224	4.91
2733	7.12
2391	3.77
320	2.40
1341	4.08
956	6.77
3668	4.09
2012	5.42
932	5.16
2135	3.82
92	3.57
3042	7.18
542	5.45
2964	5.26
2946	6.34
1977	7.32
1346	3.01
1165	4.13
1665	4.41
1541	3.57
2438	4.25
1747	4.76
3616	5.57
1698	5.86
1355	4.18
2669	6.02
1688	5.11
2288	4.86
1863	3.79
3554	5.63
2376	3.74
3909	3.73
863	5.00
609	4.29
2844	5.09
1071	5.02
3870	5.75
3919	5.02
1548	4.27
2862	7.36
3659	5.75
903	5.29
424	5.25
1129	3.82
1551	4.86
2728	6.80
2621	5.84
1569	4.46
2601	5.84
394	4.90
2962	5.75
878	6.42
3055	8.30
3845	4.01
3276	4.45
1257	5.16
3527	4.56
719	6.02
3574	5.51
2457	4.43
1599	5.70
720	4.57
1150	4.98
1502	5.57
1307	3.92
433	4.04
478	5.45
2685	5.84
802	4.90
2617	6.08
718	6.42
2295	5.50
2833	3.80
2033	5.25
2192	3.74
1196	5.27
2250	5.35
3445	4.32
1535	5.96
242	4.85
334	3.97
1414	3.92
1957	5.75
2611	5.19
259	2.73
1375	4.28
495	6.57
3497	5.69
360	4.41
2935	5.99
1153	3.29
2487	5.68
1874	3.90
410	4.59
1466	6.54
2563	4.61
2432	4.02
3651	4.42
1083	5.26
456	4.46
2095	5.94
3688	6.10
486	5.14
3878	5.20
2675	5.19
2109	5.00
1669	4.41
1189	4.08
1700	4.78
2458	5.04
2104	5.41
664	5.25
3153	2.63
2612	4.58
22	3.17
3716	4.98
2937	6.57
522	5.16
4009	7.03
3568	5.02
885	4.55
2122	4.23
153	4.24
2009	5.25
12	3.52
175	6.28
987	6.02
2532	4.82
3702	5.75
2552	6.25
3282	4.08
3147	4.41
3251	5.53
8	3.83
3123	4.20
974	5.93
571	6.57
4045	5.69
2898	4.67
1389	4.85
796	4.15
3679	5.85
2246	4.25
350	4.56
3129	5.09
1807	4.86
76	2.98
2980	6.10
1617	2.98
1844	3.99
2681	6.08
2840	5.09
3952	5.02
3171	4.25
920	5.49
3136	2.75
3495	5.35
829	5.08
2080	4.33
2590	5.90
2133	3.32
3939	5.35
2513	3.62
382	5.40
844	3.82
792	4.15
3191	4.56
2291	5.19
234	6.19
1223	3.48
3943	5.35
480	4.96
3649	3.97
2584	4.91
2534	5.59
430	6.42
2660	4.27
1049	2.98
2189	5.05
190	6.68
3309	6.42
4065	6.24
550	4.90
705	4.73
1459	5.04
3088	2.75
2049	3.32
270	3.97
3981	6.24
755	6.02
645	4.55
1980	6.94
1549	4.41
3098	4.36
4082	6.30
2106	5.85
3485	4.90
1829	4.41
1764	5.51
3576	6.41
3247	6.63
3906	4.34
362	4.85
1418	5.02
2170	5.90
3665	3.97
828	4.94
1034	3.85
1708	6.39
420	3.82
1356	3.10
1821	4.46
2488	6.43
2082	4.82
2234	7.18
1421	4.41
1794	4.18
3498	6.30
3656	4.98
1637	4.10
3308	6.28
2619	7.02
3392	3.01
2287	7.02
1106	2.47
3712	5.52
3406	4.58
511	5.84
2259	4.07
578	3.73
1188	3.66
3242	6.30
625	4.29
726	5.34
460	4.15
551	5.05
3329	2.89
3854	5.70
2194	4.23
3590	4.91
1606	3.33
1110	2.75
1886	5.57
3595	6.34
3442	4.67
2591	5.07
499	4.74
3972	4.98
842	4.57
2375	3.23
983	5.00
2434	4.51
2139	4.84
1626	4.71
3606	4.91
1075	3.43
3196	4.76
3240	5.86
2161	3.95
3780	5.16
2050	3.93
608	4.41
937	6.42
3036	6.19
2501	3.90
3028	5.02
1238	3.59
1517	6.24
1696	5.37
1985	4.41
1965	7.08
1611	4.76
3233	4.90
2688	5.12
95	4.16
3652	3.55
2152	4.91
277	2.28
1181	4.13
2545	4.74
1582	6.59
2538	6.69
886	4.90
51	3.85
735	6.33
214	4.01
3905	3.73
2562	4.77
3757	7.52
3305	5.93
3479	4.51
1552	3.15
597	3.66
3427	4.51
124	4.41
3600	4.14
3535	5.35
1376	3.69
2731	7.57
2701	5.84
1032	3.41
1174	3.59
568	5.80
2396	4.02
3351	3.39
2906	5.79
215	4.16
2613	5.00
2886	4.41
1615	4.27
56	4.91
824	5.49
587	4.90
2842	5.53
3597	5.40
3288	4.76
219	5.18
1315	3.74
3923	4.18
2872	6.43
3575	5.66
3922	4.34
653	5.39
3551	5.66
3433	4.85
2520	4.91
3178	5.20
706	5.34
2040	6.76
1243	4.76
3709	6.24
3642	7.09
785	2.86
4061	6.00
3143	3.13
3108	3.59
307	3.31
3459	4.51
3633	5.14
2424	5.41
3411	3.34
3552	5.57
172	5.69
1448	5.37
569	5.63
537	4.29
685	6.67
808	5.25
4049	4.57
1230	4.67
1782	6.04
2419	4.35
2308	2.31
2435	4.35
2190	5.90
2542	7.42
2300	5.70
106	4.85
272	1.86
2320	2.31
1334	3.59
852	3.24
1929	5.80
538	4.90
945	5.81
484	4.37
3924	3.85
444	5.43
347	4.34
2727	6.29
3593	5.40
2179	4.66
2896	4.18
2855	5.68
1974	6.59
2553	6.08
481	4.41
1953	5.80
3120	3.87
2631	4.07
3105	4.06
567	5.05
3113	4.85
2837	4.34
1183	4.58
2350	5.75
798	5.14
1365	2.94
3331	3.34
1270	4.43
1915	6.74
1406	5.52
6	3.17
1845	4.41
915	4.65
1403	5.85
3901	5.69
2845	5.23
4084	5.53
185	6.07
36	3.24
736	6.24
2332	3.48
2147	4.40
2954	7.18
1454	6.54
3358	4.63
2600	6.01
3756	7.38
298	4.57
3555	5.90
2566	4.51
98	4.06
3482	5.20
3228	4.76
1905	4.46
2077	4.21
734	6.73
152	4.41
1420	4.27
1808	3.15
3529	4.90
2352	3.43
1360	2.52
1436	4.27
2649	4.69
1089	1.86
2087	4.66
2341	3.57
1765	5.93
1240	3.99
3416	4.18
1313	3.29
310	3.47
1291	4.18
470	4.06
308	2.70
2181	4.21
397	4.29
922	5.93
155	5.18
1264	3.94
2425	5.24
1139	3.48
1989	4.41
261	2.28
1354	3.85
1398	4.18
2752	5.30
1012	4.92
1761	5.98
3401	3.73
3936	5.02
2412	5.04
2410	5.30
1762	6.59
2129	2.78
821	4.24
1387	5.30
1848	5.66
2268	4.91
662	4.85
284	3.03
1988	3.99
693	5.83
2142	5.06
3996	6.10
2403	4.35
2920	6.19
3466	5.51
1156	2.87
3032	6.19
3054	8.70
1055	3.74
3422	5.17
1069	4.57
2709	4.95
1232	2.82
2485	5.18
3995	6.87
1037	3.24
2653	5.00
1261	5.65
2865	4.92
657	3.96
1353	3.24
4054	5.46
3005	7.85
1994	5.86
4093	6.79
2973	6.57
2149	3.90
3714	6.01
466	3.78
2931	5.68
2125	3.62
3728	4.93
3647	6.69
3476	3.59
1888	4.58
1802	5.02
1113	2.98
3739	6.87
17	2.28
4085	5.95
267	4.06
1712	5.55
120	4.96
1206	4.92
343	3.32
2016	5.92
1588	3.99
3632	5.26
455	3.95
3275	5.53
743	6.57
378	5.40
710	5.08
2706	5.02
2255	5.19
1167	4.58
2264	4.91
770	4.01
946	6.42
3557	5.40
337	2.28
408	4.15
3326	6.54
134	4.06
65	2.28
4037	4.85
1605	2.98
2809	7.36
2608	4.86
2949	5.73
517	3.71
1880	4.58
381	4.55
3842	4.62
1689	4.94
4062	6.85
388	3.03
2985	7.36
3930	5.46
412	4.15
857	4.24
2555	7.02
3882	6.30
1954	6.41
1277	4.92
472	4.46
650	6.00
965	4.24
3268	3.33
717	5.57
2451	3.76
859	5.18
2597	5.00
3408	3.01
2118	3.13
2698	6.45
772	2.98
1491	3.74
3457	4.06
534	4.06
2988	7.71
678	5.69
2777	6.02
167	5.00
3076	2.75
3587	5.01
992	5.75
2110	5.85
2984	7.53
1928	5.97
1033	3.24
2928	5.35
2478	6.87
1009	5.08
2772	5.02
3417	4.01
2402	4.51
2384	2.85
1253	4.32
2643	4.02
129	3.71
2735	7.57
2632	4.58
3396	2.47
139	5.49
2887	4.56
2723	6.29
371	3.90
737	6.12
2131	3.23
889	5.63
3470	5.75
1639	4.60
3934	6.01
1511	5.41
1377	3.57
2218	6.45
240	4.36
3039	6.78
2779	6.96
1677	5.25
1383	4.02
2748	6.98
960	4.36
323	2.73
2652	4.86
2517	4.16
200	4.41
276	1.86
1799	4.07
3630	7.58
2482	5.53
2374	3.08
3020	5.88
3511	5.84
3421	4.32
1385	4.36
3437	5.34
1738	6.04
2265	4.74
3621	5.40
1887	5.17
1776	5.55
3591	5.06
952	7.32
3395	3.34
301	4.45
2206	5.90
1305	2.98
1940	4.49
1674	5.86
1945	5.49
588	3.82
924	5.49
1542	3.92
2580	3.74
1476	3.15
401	2.86
80	2.40
2944	5.85
165	4.50
2574	5.85
3764	6.26
7	3.32
3413	3.43
531	3.62
3888	4.71
372	3.29
1898	5.86
1644	5.29
2389	3.27
3971	5.85
3426	4.67
1399	4.33
2508	4.60
2318	4.42
3824	6.54
150	4.01
2861	6.51
3425	4.06
405	3.40
1140	2.87
62	5.35
3029	5.44
3868	4.76
1048	3.15
2843	5.43
2492	5.88
1824	4.58
520	4.72
2651	5.63
1662	6.10
479	5.05
2907	6.12
656	4.08
634	6.24
1348	1.98
1072	3.10
2357	3.57
2437	3.90
1623	4.02
2823	4.84
3708	6.10
3961	6.24
114	4.06
2191	5.50
1728	4.71
2683	7.02
1133	4.31
1111	2.90
3704	6.65
902	5.14
1613	3.82
3256	6.59
2908	5.35
2055	3.82
3589	4.56
3202	4.67
990	6.24
2967	6.18
858	4.85
1742	6.28
812	5.43
1390	5.70
2134	3.67
1597	5.25
2789	6.52
2102	4.51
1996	5.11
1676	5.11
2004	4.25
2578	4.23
1789	6.53
2360	4.82
3232	5.02
3550	6.06
3266	4.36
3886	7.03
2662	5.04
1783	6.19
81	2.28
1041	1.86
2535	5.74
1922	5.57
644	4.13
2961	5.14
2056	4.33
2237	6.33
984	5.25
2707	4.86
2630	3.92
707	5.18
1396	3.41
3730	5.42
1583	6.19
2051	3.77
3818	8.37
1116	3.15
1490	3.90
3060	5.86
2215	5.50
2059	5.10
3636	4.98
3945	5.69
1010	5.69
2286	7.42
1080	4.49
1625	4.10
1968	6.10
442	6.42
2853	5.18
1531	6.69
3453	5.16
3458	4.67
3291	5.53
1862	3.64
780	4.10
4020	6.26
3942	5.20
1424	3.10
1132	4.17
3372	4.92
2737	6.02
3460	3.64
2195	4.07
1402	5.52
2456	4.60
671	5.84
1983	7.53
2281	6.08
3619	5.90
3864	4.76
636	5.25
2544	4.86
1342	4.93
618	5.69
3140	2.21
3637	5.40
250	6.19
3534	5.75
187	7.01
1838	6.59
2836	3.92
1062	3.59
3483	5.53
3599	5.85
3950	7.03
1001	5.99
3243	6.63
1598	6.10
3179	5.53
230	5.09
1536	3.69
3742	7.09
1975	6.74
363	5.18
3918	5.42
3698	5.75
2585	4.74
445	5.57
182	5.34
757	5.83
2211	5.50
1520	4.53
2499	4.35
2431	5.45
2958	7.42
2596	4.58
2401	3.90
3342	4.58
2694	5.35
1828	3.99
1781	5.69
494	6.97
1166	4.98
1472	3.69
3104	4.18
3089	2.63
655	5.84
1294	4.09
2854	5.53
2370	3.34
2176	4.33
1868	3.99
142	5.40
1169	2.70
186	6.68
3501	6.18
3960	6.41
4063	6.45
1991	4.91
681	6.18
1053	3.29
3345	2.35
2677	5.00
2245	3.90
1138	3.64
3969	5.40
2521	4.74
3700	4.98
123	5.73
741	6.07
2052	2.90
1648	4.27
816	4.10
1094	2.21
1067	5.02
3585	4.56
573	5.39
2705	4.41
1544	4.58
3245	6.18
2260	3.74
2099	4.35
1430	3.87
3472	3.59
3617	5.45
1147	5.31
218	4.85
3892	4.43
1112	3.15
1064	4.25
3107	4.51
1251	4.82
1102	3.55
72	3.29
530	3.78
3690	6.54
3860	3.59
2356	3.15
4056	5.86
1842	4.76
1276	4.78
2407	4.35
2416	4.02
788	2.98
3432	5.02
2406	4.20
177	4.73
2734	7.97
1164	3.99
2561	4.16
450	4.06
3925	4.27
3846	4.36
437	4.73
1616	3.10
2866	5.53
2505	4.74
3430	4.36
9	3.66
3510	5.69
1444	3.94
2633	4.41
4090	7.64
133	3.71
556	5.74
1547	5.35
3380	3.31
3889	4.59
1861	3.29
853	3.66
1497	4.41
128	3.83
2876	5.88
582	3.47
1932	5.66
917	4.74
1323	5.02
3844	3.59
3809	6.97
3672	5.26
1176	3.99
402	3.47
314	4.81
651	6.33
2997	7.01
3468	4.76
3340	3.59
3335	3.39
2664	5.70
1516	6.10
3737	5.93
1630	5.26
2060	4.02
115	3.90
2450	3.92
3594	6.01
181	4.56
383	5.00
2254	5.59
1562	4.76
1128	3.99
491	6.57
1331	3.43
1918	6.41
904	5.80
135	4.21
628	4.13
1967	7.53
3229	4.90
2344	4.58
138	5.16
322	2.89
2213	5.00
2930	5.84
1686	4.71
773	3.40
712	5.74
2130	3.39
3361	3.78
2618	6.69
4013	7.52
1478	3.92
1956	5.33
1910	5.07
2203	5.68
3538	4.39
1635	4.60
4036	4.43
969	5.08
1680	3.94
1559	4.07
1841	4.15
2689	5.00
2429	5.00
1007	7.36
1121	3.03
2708	4.53
1673	5.25
3586	5.17
761	6.91
415	4.74
1432	4.27
1397	3.83
1852	5.11
3296	5.26
195	3.85
3478	4.36
750	8.25
384	3.57
1950	6.65
2428	4.86
176	4.85
3992	6.10
2966	6.03
217	4.24
2802	6.63
2790	6.87
3953	4.90
2331	4.25
1186	4.74
211	3.57
2101	4.16
2008	5.42
2325	2.73
887	5.05
3118	6.19
3851	5.79
2064	2.90
279	2.78
3677	5.40
840	4.13
3175	4.25
3920	3.85
1438	5.26
2994	7.36
2769	4.90
1428	3.10
345	3.40
1758	6.59
1443	4.86
2019	6.25
1124	2.56
797	4.29
3937	4.90
1004	6.77
265	3.12
2696	6.01
3858	4.08
1262	6.50
396	4.15
3477	4.01
982	4.85
1500	4.58
3625	6.24
3267	4.20
2983	7.02
3705	6.48
3850	5.46
2227	5.68
309	3.12
3908	3.31
3713	5.40
4073	7.03
222	5.40
4057	5.69
2241	3.90
2085	4.16
2208	5.17
245	4.50
1349	2.40
2178	4.82
4050	5.18
3810	7.58
3376	3.59
2871	5.68
3564	6.59
696	7.08
3205	4.06
1752	5.60
2965	5.68
2637	4.41
2345	4.41
3206	4.41
248	5.75
1336	4.49
3013	5.18
912	4.32
1600	3.10
3486	5.75
1391	5.30
2460	4.60
1159	3.79
3980	6.10
893	5.39
1931	6.74
1018	7.03
3193	5.14
1008	5.20
1479	4.07
3884	6.04
4004	5.77
97	3.45
959	7.36
583	3.62
2892	4.76
3283	3.92
1020	6.04
2551	5.50
1770	7.38
1804	4.27
3696	5.26
3671	5.01
2479	6.47
3758	8.37
231	5.24
811	6.02
2284	6.43
804	3.82
25	3.40
2941	6.33
1042	2.47
2847	5.68
3741	6.24
1621	3.52
2720	5.96
244	4.08
2744	7.53
3697	5.14
3608	5.31
1248	4.49
2721	5.84
1469	5.69
1553	3.03
3781	5.58
936	6.59
3596	5.26
449	3.45
1855	5.70
3024	5.02
1473	3.57
342	3.17
2003	4.58
1897	5.25
1321	4.08
1638	4.45
966	4.59
2188	4.91
1822	5.31
1658	6.10
3592	5.57
2207	5.50
225	4.79
1343	4.53
3381	3.73
1906	5.07
288	3.29
3144	3.64
2145	3.95
2086	4.51
110	5.58
3215	5.35
3536	3.90
3777	5.58
3279	5.04
2911	5.94
3706	7.09
3997	6.24
3469	4.90
809	5.08
1051	3.92
2915	5.68
1739	6.37
641	4.55
4005	6.19
304	2.98
3125	4.01
2765	6.02
2159	5.68
1363	2.85
898	5.40
1274	5.77
2220	6.19
3751	6.69
3718	5.75
1127	3.48
963	4.69
1026	3.01
2117	2.78
3080	4.18
204	4.10
2814	7.97
3605	4.56
660	4.08
1461	4.85
1483	5.35
3475	3.92
1489	3.29
3111	4.51
3654	4.32
3325	5.69
756	5.41
3316	4.43
2933	5.49
860	4.41
2663	5.19
3703	5.90
3056	6.14
482	5.45
3165	4.06
1084	3.94
2426	5.85
3807	7.18
3710	7.09
2788	6.10
2879	6.47
3161	3.75
2880	4.18
427	6.02
3139	3.08
991	5.84
3404	3.59
2703	6.29
2753	5.18
206	5.09
3341	3.73
2433	3.90
1515	6.69
78	3.97
3065	7.36
3400	3.90
179	5.18
3301	5.09
3307	6.87
3692	6.28
1578	5.86
1632	4.27
3063	6.78
238	6.92
2036	5.09
2627	4.02
1095	2.36
2214	5.35
44	4.85
3808	7.09
1287	2.90
3263	6.63
3365	3.73
1228	3.68
652	5.25
819	4.43
1468	5.55
2305	2.73
2897	4.06
637	5.39
1195	5.86
2704	4.53
4031	7.97
3084	3.87
4043	6.63
2298	6.69
156	4.41
3658	5.42
799	4.74
3968	5.52
1465	5.93
1556	3.15
266	3.73
1180	3.99
3012	4.76
2075	4.84
2514	4.23
1927	5.46
2560	4.28
292	2.70
241	4.24
121	4.79
1960	6.76
3847	4.51
940	6.77
1997	5.25
428	5.43
2053	3.32
1285	2.40
2202	5.35
3650	4.58
1117	3.29
359	3.90
3269	3.75
2828	5.04
3286	4.36
1184	4.25
716	5.43
1319	3.74
30	4.56
151	4.16
3545	4.90
2824	5.35
2422	4.51
192	3.52
170	5.95
1565	4.46
1160	4.30
1571	4.91
3086	4.86
2324	2.31
1295	3.69
566	4.90
2614	5.35
783	4.69
417	4.29
3733	5.35
927	6.08
2945	5.73
1463	5.35
2895	5.35
2143	4.66
3921	3.73
1642	5.55
658	4.57
3128	5.26
2604	6.19
1247	4.58
510	6.24
4081	5.69
1558	3.92
591	4.41
1171	3.15
2471	5.19
856	4.41
3336	3.90
199	3.90
1819	5.09
1904	4.58
506	6.24
3297	5.14
1330	3.59
1000	6.59
3172	3.33
814	6.42
768	3.52
2640	3.69
2846	6.08
2646	4.46
2172	4.91
2473	5.53
303	4.90
3347	2.80
1329	2.98
1212	5.27
624	4.41
2385	2.73
1364	2.52
2074	4.51
1401	4.91
2169	5.29
1477	3.57
3226	5.20
3492	4.43
1381	3.52
1413	3.57
2808	7.53
1743	5.88
1119	3.74
998	5.93
3017	6.02
493	6.12
3607	5.06
2856	6.19
210	3.73
1494	4.18
3998	7.09
2249	4.74
1005	6.91
3455	5.61
1352	3.41
1412	3.15
2539	7.02
2105	5.24
419	4.74
3149	3.47
2283	7.02
68	1.86
3532	4.76
1079	3.74
3189	4.06
1694	6.10
2196	3.74
2489	6.26
976	4.08
2248	4.91
3955	5.35
2710	5.30
3272	4.76
1849	5.49
1076	2.82
3861	4.01
3951	6.63
3840	4.13
1526	5.02
795	4.92
2114	3.39
1608	3.99
617	5.08
3182	5.93
3241	5.69
1653	4.41
1659	6.43
529	3.17
575	5.84
313	4.20
3725	6.24
2916	4.76
4083	6.14
2335	4.07
2606	7.18
2759	5.68
3565	6.73
3439	5.79
3629	6.73
646	4.90
3512	6.59
3253	5.34
1299	2.31
3869	4.90
614	4.59
900	4.37
3684	4.67
1877	3.83
404	2.98
3203	4.51
148	3.24
4077	7.52
1690	5.55
872	5.25
3271	4.25
3142	2.55
596	3.24
1769	6.77
777	4.24
1310	4.14
2414	6.03
1311	3.74
3008	5.30
409	3.98
1938	4.98
1151	4.58
1846	4.76
1081	4.32
1357	3.24
2212	4.58
1013	5.34
2252	4.60
2158	6.08
2750	7.97
2702	6.69
1641	4.94
2572	4.86
3311	6.87
2504	4.91
3343	4.18
934	5.93
2338	4.23
1148	3.99
2047	6.80
3638	5.75
3570	5.51
1834	5.86
776	4.41
3872	5.02
1514	6.36
2874	6.87
3082	4.62
2267	5.68
4007	6.69
3859	3.92
90	4.01
3806	7.58
1475	4.02
3778	6.19
533	3.71
3150	4.32
555	6.33
4068	5.77
2427	6.18
1498	5.02
145	3.12
3181	5.08
1298	2.47
1028	1.98
1400	5.08
2979	7.02
3893	4.85
3454	6.01
747	7.85
3830	7.03
3628	6.59
477	4.60
1949	5.80
794	4.59
831	5.53
3368	4.74
3767	7.18
2371	2.75
953	6.72
1155	3.74
1579	6.19
3572	4.74
958	7.76
888	5.80
1759	6.19
94	4.56
516	3.29
3613	5.45
2589	5.05
2461	4.74
1314	3.90
426	5.69
50	4.01
2382	4.42
561	4.29
2581	4.16
2841	4.92
1885	4.72
1561	4.15
399	4.74
1484	4.27
2529	5.29
910	6.48
1948	5.66
684	6.53
1372	3.69
1835	6.19
1522	5.02
3127	4.51
3614	5.87
2757	5.18
1019	7.36
3463	4.56
514	4.32
1442	5.02
547	5.05
1437	4.41
223	5.00
663	5.00
2579	4.07
1937	4.37
1843	4.60
3188	3.64
476	4.46
633	5.63
100	2.98
962	4.85
1964	6.94
2595	5.50
1431	4.02
3304	6.10
1367	3.44
3168	3.92
2878	6.87
1283	2.85
3977	6.24
610	4.90
3876	4.43
2676	4.58
2486	5.53
544	4.72
1178	4.43
458	4.90
2903	5.10
2065	2.78
1231	4.27
317	3.96
3138	3.24
2467	5.19
3954	5.51
1564	3.89
1320	4.25
2968	6.43
759	6.33
2001	4.13
3676	5.26
3699	5.59
1816	3.89
1670	4.76
1678	6.10
157	4.55
3278	5.44
1464	6.10
3669	4.51
3558	5.75
207	4.69
2671	6.47
355	3.90
3151	3.92
84	2.40
2481	4.92
282	3.47
524	4.41
48	3.52
239	6.52
34	4.32
3310	7.27
1085	4.08
3843	4.46
3100	3.92
1481	4.41
3695	6.87
2977	6.57
1246	4.98
1054	4.14
521	4.55
2083	4.66
2233	6.57
3388	4.43
2244	3.48
2500	3.48
2932	5.07
967	4.74
1027	2.85
669	5.39
2180	3.79
3285	4.01
949	6.07
2271	5.50
61	4.50
209	3.12
3134	5.70
674	6.00
2007	5.17
1805	4.41
2355	3.76
3385	4.81
3490	5.51
2605	6.33
1408	3.69
3556	4.98
1061	3.24
689	5.57
1823	4.91
595	3.57
1194	5.53
369	3.45
1568	4.58
679	5.84
881	4.29
171	6.28
3855	5.30
2449	3.31
2818	4.95
3199	5.35
1361	2.40
1439	4.86
2690	5.61
26	4.01
3225	4.59
232	5.75
3898	6.54
2466	5.35
894	6.24
585	3.96
3964	5.86
833	3.12
1702	5.55
3852	4.71
771	3.85
390	3.80
3087	4.46
929	5.63
2115	3.23
161	4.55
269	3.12
413	4.29
2588	4.91
3414	3.78
377	4.79
3646	7.09
1557	3.57
2034	5.86
3496	5.86
2635	5.35
488	5.80
1392	3.69
2924	6.37
1986	5.02
1144	4.54
425	5.08
3528	5.07
2443	5.68
3440	4.18
336	2.40
1691	5.88
2869	5.18
2645	4.11
3332	2.47
3009	5.18
3524	3.64
3489	4.90
3152	2.75
183	5.49
601	4.24
836	2.70
1452	5.55
606	5.40
257	2.28
3219	3.92
2274	5.90
1798	3.92
2399	4.61
1796	3.15
3156	2.75
3504	5.20
2801	6.02
2893	4.90
2536	6.25
4032	4.97
3471	5.35
2081	4.21
3159	3.67
2136	4.07
452	3.03
2411	5.63
1731	5.04
3398	3.24
1266	4.43
3779	6.03
2088	5.17
620	5.43
1104	1.98
2126	4.47
2885	4.06
3984	4.93
1713	5.43
3315	5.04
3287	4.51
3164	3.92
2629	3.57
1876	3.41
3522	4.67
3227	5.53
1814	3.92
3618	6.06
1803	5.35
3210	5.51
1859	3.74
2550	5.35
3280	3.59
432	4.59
2711	5.45
503	5.05
1707	6.98
1161	4.13
3948	6.04
845	3.96
1495	4.33
1118	4.14
3262	7.03
800	4.41
2568	5.17
861	4.55
1763	6.43
3891	5.04
2383	4.02
1787	7.71
1914	6.41
3900	5.55
3682	5.75
2587	5.68
1455	6.14
2013	5.56
3238	5.20
1703	5.70
2506	5.35
2144	4.07
3201	4.06
3248	5.20
3011	5.63
3873	4.90
1325	4.57
2647	4.61
2747	8.30
1720	6.94
581	3.12
74	3.73
1675	6.19
979	4.41
357	3.40
2285	6.57
73	3.12
2063	4.61
2121	3.62
3985	4.81
3044	6.10
690	6.18
422	4.59
2141	4.21
2022	6.10
752	5.69
229	4.31
2253	4.74
3989	5.35
3114	5.46
3321	5.93
2164	3.79
2857	6.02
299	4.90
879	6.02
2712	5.70
540	4.46
3749	6.19
870	4.59
3865	4.59
2310	3.08
619	6.02
2523	5.68
2470	5.04
2226	5.84
1920	5.08
560	4.41
661	4.50
3836	7.38
1462	5.20
2330	3.92
2483	4.94
825	5.32
784	2.98
791	3.90
2209	5.05
2096	4.02
3731	5.26
907	6.57
2446	5.59
1614	4.67
2760	6.19
2078	5.06
613	4.24
2525	5.05
2299	7.02
1795	4.02
53	3.66
1693	5.25
558	6.73
116	3.29
830	5.93
682	6.79
2725	5.79
198	3.75
2573	5.00
1970	6.59
935	6.08
3540	3.90
549	4.55
2797	7.85
268	2.98
418	4.90
3746	6.85
1097	2.70
2607	6.78
2771	5.35
1386	4.97
2392	4.02
1036	3.10
1039	3.69
1423	4.86
3072	3.29
2238	7.18
1946	6.10
1620	3.10
1302	2.75
1926	5.31
818	4.59
2835	4.25
2695	5.50
2312	3.74
3772	7.38
981	4.50
489	5.63
3801	6.42
948	5.65
3208	5.07
400	2.98
1695	5.70
3412	3.01
2564	3.74
3724	6.10
325	2.28
1242	4.43
3339	4.67
1870	4.98
1760	6.10
1351	2.90
2981	6.52
729	5.57
2624	3.69
1211	6.59
3644	6.10
2494	6.87
96	3.57
535	4.21
1422	5.26
2644	3.69
3289	4.59
3160	3.92
3667	4.42
3738	6.54
3122	4.36
3303	5.59
1198	6.26
459	5.23
1589	4.41
3083	4.95
1220	2.56
4067	6.69
3200	4.18
1480	4.58
1335	3.74
3117	5.34
3438	6.19
274	2.35
1379	4.02
2439	4.40
604	4.41
973	5.08
1818	4.76
2516	3.74
1723	7.71
1901	5.74
593	3.12
2672	4.86
1879	4.33
2864	5.04
732	5.74
3584	4.68
2586	5.35
954	7.76
1800	4.58
2387	3.18
1916	5.42
2315	4.51
1134	5.16
1815	4.07
79	3.57
2103	4.66
2960	5.26
1883	5.35
3327	6.14
2455	4.35
1570	5.07
1	2.82
612	3.82
2474	6.14
2922	6.63
1657	5.49
2339	4.07
3862	4.36
3095	3.67
2807	6.78
2817	4.34
1971	6.43
865	4.29
1810	3.64
3393	2.89
543	5.05
421	4.24
3170	4.41
2943	6.78
4087	6.45
1666	5.02
2952	6.74
1682	4.43
2354	3.92
1154	3.90
3726	7.09
2716	5.70
3252	4.92
27	4.34
3116	5.20
329	3.12
1566	5.31
3167	4.51
1204	3.72
1660	5.11
2146	4.56
3559	5.90
66	2.89
2201	4.74
1017	6.42
131	4.16
874	5.69
1014	5.69
3135	5.30
1429	3.52
85	2.82
1327	5.02
387	3.90
2654	5.85
1679	5.70
2950	6.08
3603	4.47
3502	7.03
3941	4.85
474	4.90
2	3.43
216	4.41
1987	4.86
2108	4.86
1142	3.64
3464	5.07
3588	4.14
1745	4.31
3797	5.84
3131	6.03
1518	7.09
331	4.06
3660	4.67
3853	4.85
4069	6.19
414	5.14
1427	3.43
3299	5.59
1393	3.57
2476	5.88
3317	4.85
1300	1.98
2116	2.36
11	4.60
1717	5.69
1976	7.06
1993	5.25
2549	5.00
721	4.45
1011	5.53
1649	4.15
249	5.58
1284	1.98
278	2.63
3610	5.75
1292	3.10
2343	4.07
3673	5.09
2463	5.19
2430	5.85
3639	5.90
1871	4.58
1911	5.22
526	5.40
3078	3.52
188	5.69
2800	6.14
1115	3.92
2124	3.48
2167	4.71
876	5.43
283	3.80
398	5.14
3803	7.36
35	4.16
621	5.57
3719	5.90
2251	5.68
169	5.34
49	3.40
2936	6.74
3879	5.35
1340	3.94
1474	4.18
1893	4.41
676	4.92
3571	5.35
1179	4.76
136	4.72
233	5.58
2327	3.23
492	5.98
3418	4.62
1744	4.43
3883	6.63
921	5.32
680	6.35
2636	4.27
2791	7.02
31	4.16
2754	5.79
1467	6.87
126	5.40
86	3.17
319	4.41
144	3.24
855	4.16
348	3.57
1059	3.74
1447	4.86
3523	4.51
715	6.51
1624	4.27
1736	5.60
3045	6.52
3515	7.36
3541	4.32
3212	4.76
3090	3.24
469	3.71
1756	5.60
1715	5.88
143	5.00
1219	3.43
2684	5.70
3337	3.73
2592	5.17
3435	5.79
1777	5.43
243	4.69
4035	5.30
3609	5.14
380	4.41
1202	4.92
344	3.57
271	3.57
296	4.13
2048	3.44
3838	8.37
764	6.53
3407	4.18
1236	2.82
1730	5.20
3198	5.75
1567	4.91
1120	3.15
1404	4.53
2044	6.21
839	3.62
2776	6.19
1006	7.76
1631	4.86
3691	6.87
1847	4.91
4000	6.36
3187	4.25
1213	5.41
1627	5.04
3877	4.85
3397	2.89
1604	2.56
391	3.95
704	4.85
570	6.24
913	4.20
2066	3.39
1998	6.10
365	4.73
896	4.91
3015	5.68
1267	4.27
3507	5.53
1628	4.27
3313	4.59
2832	3.92
2859	6.96
2902	4.95
3743	6.69
1190	4.43
316	3.82
500	4.13
790	3.75
2454	4.20
1892	3.99
101	3.40
3021	6.02
1792	3.69
3265	3.75
205	4.24
1099	3.64
3194	5.75
2154	5.35
1482	5.02
3169	3.80
1345	2.40
312	4.37
988	5.25
3488	5.02
3785	6.42
3604	4.14
305	2.86
1683	4.27
3768	7.93
149	3.66
740	5.65
3957	5.16
3988	4.93
1587	4.60
1706	6.65
1554	3.64
47	5.44
2002	4.74
3493	4.85
3666	4.58
2656	4.86
2069	3.32
1082	4.93
1487	4.86
1860	2.87
1840	4.27
986	5.69
1646	6.28
2398	5.01
1671	4.91
446	6.42
1584	4.27
1031	2.90
113	3.45
639	5.84
2599	5.50
1633	4.15
3462	4.41
485	4.79
1654	4.76
1884	4.58
2372	2.31
3770	8.37
3734	5.70
978	4.57
395	5.23
2825	5.18
2092	5.35
3350	3.24
2524	4.91
805	4.24
1453	5.69
1725	6.53
1797	3.57
3097	3.75
2787	7.02
2522	5.35
908	5.49
1947	6.43
39	4.16
850	3.73
1301	2.40
71	2.78
2546	5.35
975	5.53
3081	4.01
226	5.40
3176	4.76
3788	6.28
2741	6.28
3110	4.36
3399	3.39
1435	5.04
1545	4.41
1158	3.64
212	3.24
1135	4.76
3761	6.42
2678	5.35
58	5.35
2093	5.49
1875	3.74
1921	4.96
2543	7.02
3126	4.36
1668	3.99
793	3.55
3567	7.18
487	5.29
1074	3.59
3670	4.86
3720	6.41
1426	3.59
333	3.12
3657	4.81
2583	4.66
1060	2.82
767	7.12
2917	5.18
2386	3.34
23	3.32
2540	6.43
2062	5.01
2054	3.67
616	5.25
3481	4.59
1577	5.25
820	3.82
2292	4.58
2223	6.78
462	5.14
1244	3.99
1857	3.29
3926	4.62
673	5.39
3687	5.59
3389	4.57
2493	6.02
3959	5.66
1772	6.69
1268	3.66
1729	4.59
985	5.08
2620	5.70
3403	4.67
3880	5.86
2867	5.37
1446	4.71
3231	5.35
1687	4.86
699	7.85
2337	3.62
3034	6.63
4058	6.30
602	4.85
2480	5.04
3897	5.93
339	2.73
3434	5.46
2641	3.57
2679	5.50
1030	2.75
366	5.58
2322	2.80
184	6.24
473	4.29
3079	3.67
10	4.27
2806	6.63
3622	5.75
1563	5.09
807	4.74
197	3.40
1052	3.15
3074	3.78
1199	5.86
140	4.41
52	3.24
3162	4.36
2763	6.96
3487	5.35
2317	3.57
835	3.57
941	6.91
3221	4.01
2576	3.74
1513	5.75
851	3.57
1237	3.24
1417	4.41
3383	4.23
739	6.57
2927	6.96
1585	4.15
3444	3.90
3769	7.76
1380	3.10
2018	6.41
711	5.23
580	2.70
2507	5.68
3927	4.77
3912	4.74
803	4.74
3517	6.18
4022	7.03
2334	4.47
3379	3.92
1234	3.31
3611	6.08
2404	3.43
3386	5.42
1224	3.99
203	5.18
2068	2.90
1930	6.41
744	7.08
1830	4.76
1607	3.48
1741	5.43
2128	2.90
3450	6.01
2112	2.90
3792	5.42
4044	5.55
70	2.63
2634	5.02
3521	4.06
2870	5.53
483	5.29
196	2.98
130	4.32
2366	5.26
2364	4.27
3663	5.26
695	6.33
1853	5.25
2665	5.53
2183	4.71
3641	6.48
916	4.32
1757	5.74
3058	6.63
1560	4.32
817	3.98
2780	6.19
2881	4.06
137	4.55
3091	3.08
728	5.74
1203	4.76
2067	3.23
1508	4.49
630	4.90
2657	4.74
3312	4.71
2153	4.74
3602	4.63
2718	6.69
1699	5.70
1684	3.94
4080	5.81
1854	6.10
1371	4.46
2028	6.94
1077	3.24
1303	2.90
2775	5.94
213	3.66
3674	5.70
781	4.24
4016	6.54
376	4.96
1187	4.58
3185	3.80
2204	4.91
748	7.26
1865	4.13
1068	4.43
2256	3.74
3885	6.18
3675	6.03
406	3.75
3292	4.76
4066	6.85
1709	6.53
2342	3.92
1405	4.67
2913	5.23
154	4.85
1445	4.36
2556	5.70
3786	7.03
708	4.31
4040	5.86
1091	2.31
2242	4.51
2692	4.58
368	3.57
59	5.68
1533	5.51
905	5.63
1029	2.40
3795	5.75
4060	5.86
1750	5.20
1667	4.86
3320	6.10
3213	4.90
1507	5.41
2010	5.86
2697	5.84
3994	6.54
3093	3.17
1143	3.79
3683	5.59
3101	4.06
2610	5.35
1543	4.07
925	5.63
111	5.18
3525	4.06
3811	7.42
1767	6.43
513	3.71
3043	7.02
3506	5.26
3023	6.47
2910	6.34
3857	3.47
3338	4.34
2316	3.43
1933	5.80
3431	4.51
4034	5.46
1664	4.53
1107	2.31
1057	3.29
3371	5.51
3344	2.47
1784	6.94
2329	3.31
713	5.57
1458	5.20
3096	3.92
393	4.29
1896	5.42
1902	6.59
2282	6.69
1793	3.57
3428	3.59
880	4.41
2969	6.26
163	5.00
599	4.16
255	5.79
1260	5.51
1373	3.83
3904	3.85
2668	5.88
2582	4.51
2502	4.25
20	2.40
3776	5.70
854	4.01
1105	1.86
1523	4.86
4046	6.54
1594	6.10
1235	3.15
1766	6.28
2912	5.35
3640	6.65
1416	4.58
2686	6.69
2615	5.50
1434	4.71
2120	3.79
3940	4.43
2216	6.01
869	4.24
603	5.18
1058	3.90
3745	6.24
2361	4.65
1488	3.41
2171	6.23
1016	6.59
826	5.93
3186	4.41
1050	3.59
3783	6.08
302	5.30
2533	5.24
107	5.18
1734	4.94
1177	3.82
1701	5.20
2151	4.40
45	4.99
3333	2.89
375	4.21
1350	2.75
1172	2.82
687	7.12
2648	4.86
496	4.41
745	6.91
1149	4.13
2715	6.47
2557	5.84
14	4.51
1833	5.25
1326	5.42
769	3.40
389	3.45
1388	4.71
2918	5.53
2490	6.87
972	4.94
1047	2.90
1131	4.76
2519	4.66
995	6.08
2177	4.21
3132	4.71
40	4.67
252	5.20
1867	5.07
3133	4.85
3258	7.03
4071	6.69
3075	3.62
1839	6.19
1506	5.57
3740	6.10
352	3.57
2976	6.69
41	4.50
590	4.81
1312	3.41
1601	2.98
1581	5.74
3449	5.40
2225	5.23
1125	2.98
1486	5.26
2904	5.35
2132	2.90
3026	5.51
1210	6.26
2276	4.82
3211	5.84
632	5.80
1358	4.09
112	3.57
2301	5.84
1370	4.13
1540	3.15
2884	3.64
815	6.02
647	5.05
1239	3.74
2061	4.16
1532	5.37
3293	4.90
3177	4.59
358	3.75
367	5.18
2729	6.63
431	6.02
1655	4.91
448	3.57
2571	5.94
3634	5.75
1580	5.60
227	5.24
262	2.63
1972	5.82
3041	6.57
1092	1.01
3195	6.08
3000	8.26
3782	5.93
1317	3.24
1710	7.38
3916	4.43
527	5.00
3264	3.87
1596	5.11
1572	3.99
1088	1.98
1775	7.71
2408	4.86
2221	6.33
1999	5.70
3526	4.41
1333	3.24
2531	5.31
1395	4.02
89	3.40
293	3.12
1098	3.31
162	5.16
2565	4.16
1451	6.14
24	3.57
1981	7.08
3685	5.09
1836	5.60
1297	1.86
3796	5.42
2820	3.92
3031	5.94
2547	5.19
158	5.40
3689	5.93
2348	4.76
2311	3.23
1820	4.32
3717	5.40
933	5.58
3377	3.47
3755	7.97
38	4.01
2758	5.53
3121	3.75
1304	3.15
1218	3.59
1440	4.53
3866	4.77
1681	3.82
926	6.48
3533	4.90
3944	5.86
1538	4.18
3441	4.06
782	5.09
3183	5.53
75	4.06
592	3.24
4	2.40
2900	4.18
892	5.25
1108	1.98
3067	8.30
638	6.24
2717	5.84
1197	5.41
2111	5.45
2569	5.00
3894	5.20
295	3.62
1574	4.76
3103	4.51
3793	5.30
1913	5.80
1705	6.04
5	4.36
13	4.36
16	3.94
29	4.36
42	4.71
43	4.86
46	4.71
64	3.94
69	4.36
82	4.71
83	4.86
87	4.86
91	4.86
93	4.36
99	4.86
102	4.71
117	4.36
119	4.86
122	4.71
125	4.36
127	4.86
132	3.94
146	4.71
147	4.86
160	3.94
168	3.94
178	4.71
193	4.36
202	4.71
208	3.94
235	4.86
247	4.86
251	4.86
253	4.36
256	3.82
273	4.24
285	4.24
289	4.24
290	4.59
318	4.59
321	4.24
324	3.82
330	4.59
332	3.82
353	4.24
354	4.59
356	3.82
364	3.82
379	4.74
385	4.24
386	4.59
407	4.74
429	4.24
438	4.59
439	4.74
440	3.82
443	4.74
447	4.74
453	4.24
454	4.59
457	4.24
463	4.74
464	3.82
468	3.82
475	4.74
502	4.59
504	3.82
505	4.24
507	4.74
509	4.24
525	4.75
528	4.33
536	4.33
541	4.75
546	5.1
548	4.33
552	4.33
554	5.1
557	4.75
559	5.25
562	5.1
565	4.75
574	5.1
579	5.25
586	5.1
594	5.1
605	4.75
622	5.1
627	5.25
629	4.75
631	5.25
635	5.25
640	4.33
642	5.1
654	5.1
659	5.25
665	4.75
666	5.1
670	5.1
677	4.75
683	5.25
691	5.25
694	5.1
702	5.1
703	5.25
714	5.1
722	5.1
723	5.25
724	4.33
725	4.75
727	5.25
730	5.1
731	5.25
742	5.1
746	5.1
749	4.75
751	5.25
754	5.1
758	5.1
760	4.33
762	5.1
763	5.25
766	5.1
775	5.09
778	4.94
801	4.59
810	4.94
827	5.09
841	4.59
843	5.09
846	4.94
866	4.94
871	5.09
875	5.09
877	4.59
882	4.94
884	4.17
890	4.94
895	5.09
906	4.94
909	4.59
914	4.94
923	5.09
928	4.17
938	4.94
939	5.09
943	5.09
944	4.17
950	4.94
951	5.09
955	5.09
957	4.59
968	4.17
971	5.09
977	4.59
989	4.59
994	4.94
996	4.17
997	4.59
999	5.09
1002	4.94
1003	5.09
1015	5.09
1023	5.09
1024	3.52
1035	4.44
1040	3.52
1043	4.44
1044	3.52
1045	3.94
1046	4.29
1065	3.94
1066	4.29
1086	4.29
1087	4.44
1101	3.94
1103	4.44
1109	3.94
1123	4.44
1130	4.29
1152	3.52
1163	4.44
1168	3.52
1173	3.94
1175	4.44
1182	4.29
1185	3.94
1193	3.94
1205	3.94
1208	3.52
1215	4.44
1216	3.52
1226	4.29
1227	4.44
1233	3.94
1241	3.94
1245	3.94
1252	3.52
1254	4.29
1256	3.52
1258	4.29
1259	4.44
1263	4.44
1269	3.94
1271	4.44
1273	3.94
1275	4.44
1278	4.29
1279	4.44
1280	3.94
1281	4.36
1282	4.71
1286	4.71
1288	3.94
1289	4.36
1290	4.71
1296	3.94
1318	4.71
1322	4.71
1332	3.94
1359	4.86
1362	4.71
1378	4.71
1394	4.71
1409	4.36
1449	4.36
1460	3.94
1485	4.36
1499	4.86
1504	3.94
1510	4.71
1512	3.94
1519	4.86
1527	4.86
1528	3.94
1529	4.36
1530	4.71
1534	4.71
1546	4.96
1550	4.96
1555	5.11
1575	5.11
1586	4.96
1595	5.11
1602	4.96
1609	4.61
1618	4.96
1629	4.61
1634	4.96
1643	5.11
1652	4.19
1663	5.11
1714	4.96
1716	4.19
1719	5.11
1724	4.19
1726	4.96
1727	5.11
1732	4.19
1735	5.11
1737	4.61
1746	4.96
1749	4.61
1753	4.61
1754	4.96
1755	5.11
1768	4.19
1771	5.11
1773	4.61
1774	4.96
1778	4.96
1779	5.11
1785	4.61
1788	4.19
1790	4.96
1791	5.11
1806	5.11
1812	4.34
1825	4.76
1831	5.26
1837	4.76
1851	5.26
1864	4.34
1866	5.11
1889	4.76
1890	5.11
1895	5.26
1899	5.26
1903	5.26
1907	5.26
1912	4.34
1917	4.76
1919	5.26
1924	4.34
1925	4.76
1934	5.11
1935	5.26
1939	5.26
1958	5.11
1959	5.26
1962	5.11
1963	5.26
1973	4.76
1978	5.11
1995	5.26
2000	4.34
2005	4.76
2006	5.11
2014	5.11
2017	4.76
2023	5.26
2024	4.34
2025	4.76
2026	5.11
2027	5.26
2029	4.76
2030	5.11
2031	5.26
2035	5.26
2037	4.76
2038	5.11
2042	5.11
2043	5.26
2046	5.11
2058	5.21
2071	5.36
2091	5.36
2094	5.21
2100	4.44
2113	4.86
2137	4.86
2140	4.44
2162	5.21
2163	5.36
2168	4.44
2173	4.86
2174	5.21
2184	4.44
2185	4.86
2187	5.36
2193	4.86
2197	4.86
2199	5.36
2205	4.86
2217	4.86
2219	5.36
2228	4.44
2230	5.21
2231	5.36
2232	4.44
2236	4.44
2239	5.36
2258	5.21
2261	4.86
2270	5.21
2273	4.86
2278	5.21
2279	5.36
2290	5.21
2293	4.86
2294	5.21
2296	4.44
2304	4.27
2309	4.69
2313	4.69
2319	5.19
2321	4.69
2323	5.19
2328	4.27
2346	5.04
2351	5.19
2353	4.69
2358	5.04
2362	5.04
2365	4.69
2367	5.19
2368	4.27
2369	4.69
2378	5.04
2379	5.19
2381	4.69
2388	4.27
2400	4.27
2417	4.69
2418	5.04
2436	4.27
2440	4.27
2441	4.69
2445	4.69
2447	5.19
2462	5.04
2468	4.27
2472	4.27
2475	5.19
2477	4.69
2484	4.27
2491	5.19
2497	4.69
2498	5.04
2503	5.19
2510	5.04
2530	5.04
2537	4.69
2541	4.69
2554	5.04
2558	5.04
2559	5.19
2570	5.55
2575	5.7
2594	5.55
2598	5.55
2602	5.55
2603	5.7
2622	5.55
2623	5.7
2625	5.2
2628	4.78
2638	5.55
2639	5.7
2642	5.55
2655	5.7
2658	5.55
2666	5.55
2670	5.55
2673	5.2
2674	5.55
2680	4.78
2682	5.55
2687	5.7
2691	5.7
2699	5.7
2713	5.2
2719	5.7
2722	5.55
2724	4.78
2730	5.55
2732	4.78
2736	4.78
2738	5.55
2739	5.7
2740	4.78
2742	5.55
2743	5.7
2745	5.2
2749	5.2
2751	5.7
2764	4.78
2766	5.55
2768	4.78
2770	5.55
2774	5.55
2778	5.55
2781	5.2
2783	5.7
2784	4.78
2786	5.55
2792	4.78
2793	5.2
2794	5.55
2795	5.7
2796	4.78
2799	5.7
2803	5.7
2804	4.78
2805	5.2
2810	5.55
2813	5.2
2815	5.7
2821	5.53
2827	6.03
2834	5.88
2849	5.53
2850	5.88
2851	6.03
2858	5.88
2860	5.11
2868	5.11
2873	5.53
2875	6.03
2877	5.53
2882	5.88
2883	6.03
2888	5.11
2889	5.53
2890	5.88
2891	6.03
2914	5.88
2921	5.53
2923	6.03
2926	5.88
2929	5.53
2934	5.88
2938	5.88
2939	6.03
2948	5.11
2953	5.53
2955	6.03
2970	5.88
2971	6.03
2972	5.11
2974	5.88
2975	6.03
2978	5.88
2982	5.88
2986	5.88
2987	6.03
2989	5.53
2990	5.88
2991	6.03
2992	5.11
2995	6.03
2996	5.11
2998	5.88
2999	6.03
3001	5.53
3002	5.88
3003	6.03
3004	5.11
3006	5.88
3007	6.03
3016	5.11
3018	5.88
3019	6.03
3022	5.88
3027	6.03
3033	5.53
3035	6.03
3037	5.53
3038	5.88
3040	5.11
3048	5.11
3049	5.53
3050	5.88
3051	6.03
3052	5.11
3053	5.53
3057	5.53
3059	6.03
3061	5.53
3062	5.88
3064	5.11
3066	5.88
3068	5.11
3069	5.53
3070	5.88
3071	6.03
3092	4.29
3094	5.06
3109	4.71
3119	5.21
3137	4.71
3173	4.71
3174	5.06
3216	4.29
3218	5.06
3220	4.29
3222	5.06
3223	5.21
3230	5.06
3239	5.21
3244	4.29
3246	5.06
3254	5.06
3255	5.21
3257	4.71
3259	5.21
3261	4.71
3277	4.71
3295	5.21
3298	5.06
3302	5.06
3306	5.06
3314	5.06
3322	5.06
3323	5.21
3324	4.29
3328	4.43
3334	5.2
3346	5.2
3348	4.43
3354	5.2
3356	4.43
3359	5.35
3360	4.43
3362	5.2
3363	5.35
3366	5.2
3367	5.35
3370	5.2
3374	5.2
3375	5.35
3382	5.2
3384	4.43
3387	5.35
3391	5.35
3394	5.2
3405	4.85
3410	5.2
3420	4.43
3443	5.35
3448	4.43
3467	5.35
3474	5.2
3484	4.43
3491	5.35
3494	5.2
3499	5.35
3500	4.43
3503	5.35
3505	4.85
3508	4.43
3509	4.85
3514	5.2
3516	4.43
3518	5.2
3519	5.35
3531	5.35
3539	5.35
3546	5.2
3547	5.35
3548	4.43
3549	4.85
3553	4.85
3561	4.85
3563	5.35
3566	5.2
3569	4.85
3573	4.85
3578	5.2
3579	5.35
3580	4.43
3581	4.85
3583	5.35
3598	5.95
3601	5.6
3615	6.1
3626	5.95
3627	6.1
3631	6.1
3635	6.1
3643	6.1
3645	5.6
3653	5.6
3662	5.95
3664	5.18
3678	5.95
3681	5.6
3693	5.6
3694	5.95
3721	5.6
3722	5.95
3723	6.1
3727	6.1
3732	5.18
3735	6.1
3747	6.1
3748	5.18
3752	5.18
3754	5.95
3762	5.95
3765	5.6
3766	5.95
3771	6.1
3773	5.6
3774	5.95
3787	6.1
3790	5.95
3791	6.1
3794	5.95
3800	5.18
3802	5.95
3804	5.18
3805	5.6
3813	5.6
3816	5.18
3819	6.1
3820	5.18
3821	5.6
3822	5.95
3823	6.1
3826	5.95
3827	6.1
3831	6.1
3832	5.18
3833	5.6
3834	5.95
3835	6.1
3837	5.6
3848	4.78
3874	5.55
3875	5.7
3881	5.2
3887	5.7
3890	5.55
3899	5.7
3903	5.7
3913	5.2
3914	5.55
3915	5.7
3917	5.2
3928	4.78
3929	5.2
3931	5.7
3932	4.78
3935	5.7
3946	5.55
3947	5.7
3949	5.2
3956	4.78
3958	5.55
3962	5.55
3963	5.7
3966	5.55
3967	5.7
3973	5.2
3976	4.78
3978	5.55
3979	5.7
3983	5.7
3987	5.7
3990	5.55
4002	5.55
4003	5.7
4006	5.55
4008	4.78
4010	5.55
4011	5.7
4012	4.78
4014	5.55
4015	5.7
4018	5.55
4023	5.7
4024	4.78
4025	5.2
4026	5.55
4027	5.7
4028	4.78
4029	5.2
4030	5.55
4041	5.2
4042	5.55
4047	5.7
4051	5.7
4052	4.78
4053	5.2
4059	5.7
4064	4.78
4070	5.55
4072	4.78
4074	5.55
4075	5.7
4076	4.78
4078	5.55
4079	5.7
4086	5.55
4088	4.78
4091	5.7
4092	4.78
4094	5.55
4095	5.7
